4471
4744
4757
4793
4796
4806
4889
4890
4951
4954
4992
5032
5034
5064
5104
5116
5123
5138
5162
5163
5177
5188
5220
5271
5273
5296
5318
5333
5335
5339
5348
5354
5355
5366
5398
5421
5427
5454
5460
5464
5489
5513
5536
5554
5599
5614
5634
5639
5644
5656
5664
5699
5702
5703
5716
5733
5770
5772
5791
5816
5821
5842
5843
5857
5865
5866
5870
5913
5918
5926
5940
5941
5949
5960
5968
5977
5980
5981
5990
6034
6041
6050
6056
6064
6072
6114
6119
6150
6216
6226
6238
6265
6270
6318
6320
6363
6366
6378
6383
6393
6405
6406
6407
6412
6420
6430
6447
6448
6450
6457
6483
6488
6506
6507
6527
6533
6538
6540
6544
6552
6557
6563
6565
6620
6631
6636
6639
6679
6713
6732
6733
6782
6785
6791
6792
6797
6848
6854
6859
6860
6864
6865
6882
6893
6924
6933
6946
6947
6969
6977
6978
6995
7024
7028
7029
7111
7141
7174
7194
7241
7273
7279
7296
7325
7331
7336
7363
7367
7371
7572
7577
7583
7628
AT1G48520
AT3G24190
AT4G33945
AT4G38890
AT4G39520
AT5G40440
KT377078.1
KT377094.1
KT377102.1
KT377118.1
NM_148067.4
NM_179236.3
TC00G047210
TC01G021540
TC01G032610
TC02G006310
TC02G009310
TC03G002530
TC04G026920
TC05G027690
TC07G011130
TC09G010970
TC09G026260
TC09G026350
